37
-1.239917e+000 0.000000e+000 0.000000e+000 0.000000e+000 0
2.042974e+001 0.000000e+000 0.000000e+000 0.000000e+000 0
1.749833e+000 0.000000e+000 0.000000e+000 0.000000e+000 0
1.397285e+000 0.000000e+000 0.000000e+000 0.000000e+000 0
-2.220158e+000 0.000000e+000 0.000000e+000 0.000000e+000 0
-1.055763e+001 0.000000e+000 0.000000e+000 0.000000e+000 0
-1.774023e+000 0.000000e+000 0.000000e+000 0.000000e+000 0
-2.128390e+000 0.000000e+000 0.000000e+000 0.000000e+000 0
-1.109067e+000 0.000000e+000 0.000000e+000 0.000000e+000 0
1.760830e+000 0.000000e+000 0.000000e+000 0.000000e+000 0
2.515831e+000 0.000000e+000 0.000000e+000 0.000000e+000 0
6.141615e-001 0.000000e+000 0.000000e+000 0.000000e+000 0
1.509324e-001 0.000000e+000 0.000000e+000 0.000000e+000 0
9.346053e-001 0.000000e+000 0.000000e+000 0.000000e+000 0
-1.266862e+000 0.000000e+000 0.000000e+000 0.000000e+000 0
-1.131837e+000 0.000000e+000 0.000000e+000 0.000000e+000 0
-1.605362e+000 0.000000e+000 0.000000e+000 0.000000e+000 0
-2.137749e+000 0.000000e+000 0.000000e+000 0.000000e+000 0
2.033485e+000 0.000000e+000 0.000000e+000 0.000000e+000 0
-2.026605e+000 0.000000e+000 0.000000e+000 0.000000e+000 0
5.315083e+000 0.000000e+000 0.000000e+000 0.000000e+000 0
2.486028e+000 0.000000e+000 0.000000e+000 0.000000e+000 0
1.607471e+001 0.000000e+000 0.000000e+000 0.000000e+000 0
-1.116476e+001 0.000000e+000 0.000000e+000 0.000000e+000 0
2.822058e+001 0.000000e+000 0.000000e+000 0.000000e+000 0
1.030958e+001 0.000000e+000 0.000000e+000 0.000000e+000 0
1.938143e+000 0.000000e+000 0.000000e+000 0.000000e+000 0
-1.481116e+001 0.000000e+000 0.000000e+000 0.000000e+000 0
3.357702e+000 0.000000e+000 0.000000e+000 0.000000e+000 0
-1.861713e+000 0.000000e+000 0.000000e+000 0.000000e+000 0
-1.384202e+000 0.000000e+000 0.000000e+000 0.000000e+000 0
-2.579063e+000 0.000000e+000 0.000000e+000 0.000000e+000 0
-8.806584e-001 0.000000e+000 0.000000e+000 0.000000e+000 0
2.886361e+000 0.000000e+000 0.000000e+000 0.000000e+000 0
1.273410e+000 0.000000e+000 0.000000e+000 0.000000e+000 0
2.250010e+000 0.000000e+000 0.000000e+000 0.000000e+000 0
-3.122765e+002 0.000000e+000 0.000000e+000 0.000000e+000 0
0.000000e+000
0.000000e+000
0.000000e+000
0.000000e+000
0.000000e+000
0.000000e+000
0.000000e+000
0.000000e+000
0.000000e+000
0 -2 1.000000e+000 1.000000e+000 0
